0.300000, 500.000000, 1.000000e+00, 2.000000e-03,  1.000000e+00, -8.171135
0.300000, 250.000000, 1.000000e+00, 4.000000e-03,  1.000000e+00, -8.117475
0.300000, 150.000000, 1.000000e+00, 6.666667e-03,  1.000000e+00, -9.410952
0.300000, 100.000000, 1.000000e+00, 1.000000e-02,  1.000000e+00, -10.552064
0.300000, 80.000000, 1.000000e+00, 1.250000e-02,  1.000000e+00, -10.897854
0.300000, 60.000000, 1.000000e+00, 1.666667e-02,  1.000000e+00, -11.195540
0.300000, 40.000000, 1.000000e+00, 2.500000e-02,  1.000000e+00, -11.595987
0.300000, 20.000000, 1.000000e+00, 5.000000e-02,  1.000000e+00, -12.282963
0.300000, 10.000000, 1.000000e+00, 1.000000e-01,  1.000000e+00, -13.067320
0.300000, 5.000000, 1.000000e+00, 2.000000e-01,  1.000000e+00, -13.249935
0.300000, 500.000000, 1.000000e+01, 2.000000e-02,  1.000000e+00, -7.849476
0.300000, 250.000000, 1.000000e+01, 4.000000e-02,  1.000000e+00, -8.302200
0.300000, 150.000000, 1.000000e+01, 6.666667e-02,  1.000000e+00, -8.576751
0.300000, 100.000000, 1.000000e+01, 1.000000e-01,  1.000000e+00, -9.839204
0.300000, 80.000000, 1.000000e+01, 1.250000e-01,  1.000000e+00, -9.786750
0.300000, 60.000000, 1.000000e+01, 1.666667e-01,  1.000000e+00, -10.030859
0.300000, 40.000000, 1.000000e+01, 2.500000e-01,  1.000000e+00, -10.653322
0.300000, 20.000000, 1.000000e+01, 5.000000e-01,  1.000000e+00, -11.356529
0.300000, 10.000000, 1.000000e+01, 1.000000e+00,  1.000000e+00, -12.299057
0.300000, 5.000000, 1.000000e+01, 2.000000e+00,  1.000000e+00, -13.399110
0.300000, 500.000000, 1.000000e+02, 2.000000e-01,  1.000000e+00, -6.302863
0.300000, 250.000000, 1.000000e+02, 4.000000e-01,  1.000000e+00, -8.214825
0.300000, 150.000000, 1.000000e+02, 6.666667e-01,  1.000000e+00, -8.576751
0.300000, 100.000000, 1.000000e+02, 1.000000e+00,  1.000000e+00, -9.346845
0.300000, 80.000000, 1.000000e+02, 1.250000e+00,  1.000000e+00, -10.237116
0.300000, 60.000000, 1.000000e+02, 1.666667e+00,  1.000000e+00, -10.611932
0.300000, 40.000000, 1.000000e+02, 2.500000e+00,  1.000000e+00, -10.304651
0.300000, 20.000000, 1.000000e+02, 5.000000e+00,  1.000000e+00, -11.062552
0.300000, 10.000000, 1.000000e+02, 1.000000e+01,  1.000000e+00, -11.712953
0.300000, 5.000000, 1.000000e+02, 2.000000e+01,  1.000000e+00, -13.249935
0.300000, 500.000000, 1.000000e+03, 2.000000e+00,  1.000000e+00, -6.347421
0.300000, 250.000000, 1.000000e+03, 4.000000e+00,  1.000000e+00, -7.775273
0.300000, 150.000000, 1.000000e+03, 6.666667e+00,  1.000000e+00, -9.117588
0.300000, 100.000000, 1.000000e+03, 1.000000e+01,  1.000000e+00, -9.299057
0.300000, 80.000000, 1.000000e+03, 1.250000e+01,  1.000000e+00, -9.589787
0.300000, 60.000000, 1.000000e+03, 1.666667e+01,  1.000000e+00, -10.311408
0.300000, 40.000000, 1.000000e+03, 2.500000e+01,  1.000000e+00, -10.839682
0.300000, 20.000000, 1.000000e+03, 5.000000e+01,  1.000000e+00, -11.666781
0.300000, 10.000000, 1.000000e+03, 1.000000e+02,  1.000000e+00, -12.299057
0.300000, 5.000000, 1.000000e+03, 2.000000e+02,  1.000000e+00, -13.202147
0.300000, 500.000000, 1.000000e+04, 2.000000e+01,  1.000000e+00, -6.405725
0.300000, 250.000000, 1.000000e+04, 4.000000e+01,  1.000000e+00, -7.920761
0.300000, 150.000000, 1.000000e+04, 6.666667e+01,  1.000000e+00, -8.948279
0.300000, 100.000000, 1.000000e+04, 1.000000e+02,  1.000000e+00, -9.142318
0.300000, 80.000000, 1.000000e+04, 1.250000e+02,  1.000000e+00, -8.821645
0.300000, 60.000000, 1.000000e+04, 1.666667e+02,  1.000000e+00, -10.461586
0.300000, 40.000000, 1.000000e+04, 2.500000e+02,  1.000000e+00, -10.839682
0.300000, 20.000000, 1.000000e+04, 5.000000e+02,  1.000000e+00, -11.742772
0.300000, 10.000000, 1.000000e+04, 1.000000e+03,  1.000000e+00, -12.105025
0.300000, 5.000000, 1.000000e+04, 2.000000e+03,  1.000000e+00, -13.699129
0.300000, 500.000000, 1.000000e+05, 2.000000e+02,  1.000000e+00, -7.849476
0.300000, 250.000000, 1.000000e+05, 4.000000e+02,  1.000000e+00, -8.752566
0.300000, 150.000000, 1.000000e+05, 6.666667e+02,  1.000000e+00, -8.398109
0.300000, 100.000000, 1.000000e+05, 1.000000e+03,  1.000000e+00, -9.496020
0.300000, 80.000000, 1.000000e+05, 1.250000e+03,  1.000000e+00, -9.478101
0.300000, 60.000000, 1.000000e+05, 1.666667e+03,  1.000000e+00, -9.132850
0.300000, 40.000000, 1.000000e+05, 2.500000e+03,  1.000000e+00, -10.312654
0.300000, 20.000000, 1.000000e+05, 5.000000e+03,  1.000000e+00, -11.219355
0.300000, 10.000000, 1.000000e+05, 1.000000e+04,  1.000000e+00, -11.617036
0.300000, 5.000000, 1.000000e+05, 2.000000e+04,  1.000000e+00, -13.399110
0.300000, 500.000000, 1.000000e+00, 2.000000e-03,  1.000000e+01, -7.436553
0.300000, 250.000000, 1.000000e+00, 4.000000e-03,  1.000000e+01, -7.493693
0.300000, 150.000000, 1.000000e+00, 6.666667e-03,  1.000000e+01, -7.880372
0.300000, 100.000000, 1.000000e+00, 1.000000e-02,  1.000000e+01, -8.574000
0.300000, 80.000000, 1.000000e+00, 1.250000e-02,  1.000000e+01, -9.326912
0.300000, 60.000000, 1.000000e+00, 1.666667e-02,  1.000000e+01, -10.390580
0.300000, 40.000000, 1.000000e+00, 2.500000e-02,  1.000000e+01, -11.238062
0.300000, 20.000000, 1.000000e+00, 5.000000e-02,  1.000000e+01, -11.804902
0.300000, 10.000000, 1.000000e+00, 1.000000e-01,  1.000000e+01, -12.584600
0.300000, 5.000000, 1.000000e+00, 2.000000e-01,  1.000000e+01, -12.981999
0.300000, 500.000000, 1.000000e+01, 2.000000e-02,  1.000000e+01, -6.524931
0.300000, 250.000000, 1.000000e+01, 4.000000e-02,  1.000000e+01, -6.649631
0.300000, 150.000000, 1.000000e+01, 6.666667e-02,  1.000000e+01, -6.870029
0.300000, 100.000000, 1.000000e+01, 1.000000e-01,  1.000000e+01, -7.600206
0.300000, 80.000000, 1.000000e+01, 1.250000e-01,  1.000000e+01, -9.237116
0.300000, 60.000000, 1.000000e+01, 1.666667e-01,  1.000000e+01, -9.548112
0.300000, 40.000000, 1.000000e+01, 2.500000e-01,  1.000000e+01, -10.594813
0.300000, 20.000000, 1.000000e+01, 5.000000e-01,  1.000000e+01, -11.314371
0.300000, 10.000000, 1.000000e+01, 1.000000e+00,  1.000000e+01, -12.098393
0.300000, 5.000000, 1.000000e+01, 2.000000e+00,  1.000000e+01, -12.219006
0.300000, 500.000000, 1.000000e+02, 2.000000e-01,  1.000000e+01, -6.399110
0.300000, 250.000000, 1.000000e+02, 4.000000e-01,  1.000000e+01, -6.745157
0.300000, 150.000000, 1.000000e+02, 6.666667e-01,  1.000000e+01, -7.880372
0.300000, 100.000000, 1.000000e+02, 1.000000e+00,  1.000000e+01, -8.408646
0.300000, 80.000000, 1.000000e+02, 1.250000e+00,  1.000000e+01, -8.221082
0.300000, 60.000000, 1.000000e+02, 1.666667e+00,  1.000000e+01, -9.311408
0.300000, 40.000000, 1.000000e+02, 2.500000e+00,  1.000000e+01, -9.839682
0.300000, 20.000000, 1.000000e+02, 5.000000e+00,  1.000000e+01, -10.894890
0.300000, 10.000000, 1.000000e+02, 1.000000e+01,  1.000000e+01, -11.796039
0.300000, 5.000000, 1.000000e+02, 2.000000e+01,  1.000000e+01, -11.905371
0.300000, 500.000000, 1.000000e+03, 2.000000e+00,  1.000000e+01, -6.548952
0.300000, 250.000000, 1.000000e+03, 4.000000e+00,  1.000000e+01, -6.587984
0.300000, 150.000000, 1.000000e+03, 6.666667e+00,  1.000000e+01, -7.684396
0.300000, 100.000000, 1.000000e+03, 1.000000e+01,  1.000000e+01, -8.796039
0.300000, 80.000000, 1.000000e+03, 1.250000e+01,  1.000000e+01, -8.253229
0.300000, 60.000000, 1.000000e+03, 1.666667e+01,  1.000000e+01, -9.461586
0.300000, 40.000000, 1.000000e+03, 2.500000e+01,  1.000000e+01, -9.492877
0.300000, 20.000000, 1.000000e+03, 5.000000e+01,  1.000000e+01, -10.116370
0.300000, 10.000000, 1.000000e+03, 1.000000e+02,  1.000000e+01, -10.631503
0.300000, 5.000000, 1.000000e+03, 2.000000e+02,  1.000000e+01, -12.279097
0.300000, 500.000000, 1.000000e+04, 2.000000e+01,  1.000000e+01, -6.849476
0.300000, 250.000000, 1.000000e+04, 4.000000e+01,  1.000000e+01, -7.752566
0.300000, 150.000000, 1.000000e+04, 6.666667e+01,  1.000000e+01, -7.159626
0.300000, 100.000000, 1.000000e+04, 1.000000e+02,  1.000000e+01, -8.245425
0.300000, 80.000000, 1.000000e+04, 1.250000e+02,  1.000000e+01, -7.719024
0.300000, 60.000000, 1.000000e+04, 1.666667e+02,  1.000000e+01, -8.728467
0.300000, 40.000000, 1.000000e+04, 2.500000e+02,  1.000000e+01, -8.638215
0.300000, 20.000000, 1.000000e+04, 5.000000e+02,  1.000000e+01, -10.380231
0.300000, 10.000000, 1.000000e+04, 1.000000e+03,  1.000000e+01, -11.346845
0.300000, 5.000000, 1.000000e+04, 2.000000e+03,  1.000000e+01, -12.249935
0.300000, 500.000000, 1.000000e+05, 2.000000e+02,  1.000000e+01, -6.008115
0.300000, 250.000000, 1.000000e+05, 4.000000e+02,  1.000000e+01, -7.752566
0.300000, 150.000000, 1.000000e+05, 6.666667e+02,  1.000000e+01, -7.967746
0.300000, 100.000000, 1.000000e+05, 1.000000e+03,  1.000000e+01, -7.528702
0.300000, 80.000000, 1.000000e+05, 1.250000e+03,  1.000000e+01, -8.253168
0.300000, 60.000000, 1.000000e+05, 1.666667e+03,  1.000000e+01, -8.770571
0.300000, 40.000000, 1.000000e+05, 2.500000e+03,  1.000000e+01, -10.140206
0.300000, 20.000000, 1.000000e+05, 5.000000e+03,  1.000000e+01, -10.048320
0.300000, 10.000000, 1.000000e+05, 1.000000e+04,  1.000000e+01, -11.346845
0.300000, 5.000000, 1.000000e+05, 2.000000e+04,  1.000000e+01, -12.849476
0.300000, 500.000000, 1.000000e+00, 2.000000e-03,  1.000000e+02, -7.359155
0.300000, 250.000000, 1.000000e+00, 4.000000e-03,  1.000000e+02, -7.342021
0.300000, 150.000000, 1.000000e+00, 6.666667e-03,  1.000000e+02, -7.418112
0.300000, 100.000000, 1.000000e+00, 1.000000e-02,  1.000000e+02, -7.307232
0.300000, 80.000000, 1.000000e+00, 1.250000e-02,  1.000000e+02, -7.519497
0.300000, 60.000000, 1.000000e+00, 1.666667e-02,  1.000000e+02, -8.057667
0.300000, 40.000000, 1.000000e+00, 2.500000e-02,  1.000000e+02, -9.196812
0.300000, 20.000000, 1.000000e+00, 5.000000e-02,  1.000000e+02, -11.644695
0.300000, 10.000000, 1.000000e+00, 1.000000e-01,  1.000000e+02, -12.660790
0.300000, 5.000000, 1.000000e+00, 2.000000e-01,  1.000000e+02, -12.745449
0.300000, 500.000000, 1.000000e+01, 2.000000e-02,  1.000000e+02, -6.374636
0.300000, 250.000000, 1.000000e+01, 4.000000e-02,  1.000000e+02, -6.357211
0.300000, 150.000000, 1.000000e+01, 6.666667e-02,  1.000000e+02, -7.267766
0.300000, 100.000000, 1.000000e+01, 1.000000e-01,  1.000000e+02, -7.496020
0.300000, 80.000000, 1.000000e+01, 1.250000e-01,  1.000000e+02, -7.589787
0.300000, 60.000000, 1.000000e+01, 1.666667e-01,  1.000000e+02, -8.461586
0.300000, 40.000000, 1.000000e+01, 2.500000e-01,  1.000000e+02, -8.968052
0.300000, 20.000000, 1.000000e+01, 5.000000e-01,  1.000000e+02, -10.807995
0.300000, 10.000000, 1.000000e+01, 1.000000e+00,  1.000000e+02, -12.278889
0.300000, 5.000000, 1.000000e+01, 2.000000e+00,  1.000000e+02, -12.185078
0.300000, 500.000000, 1.000000e+02, 2.000000e-01,  1.000000e+02, -5.351489
0.300000, 250.000000, 1.000000e+02, 4.000000e-01,  1.000000e+02, -6.602219
0.300000, 150.000000, 1.000000e+02, 6.666667e-01,  1.000000e+02, -6.770783
0.300000, 100.000000, 1.000000e+02, 1.000000e+00,  1.000000e+02, -7.796039
0.300000, 80.000000, 1.000000e+02, 1.250000e+00,  1.000000e+02, -7.936592
0.300000, 60.000000, 1.000000e+02, 1.666667e+00,  1.000000e+02, -7.878216
0.300000, 40.000000, 1.000000e+02, 2.500000e+00,  1.000000e+02, -8.835962
0.300000, 20.000000, 1.000000e+02, 5.000000e+00,  1.000000e+02, -10.342316
0.300000, 10.000000, 1.000000e+02, 1.000000e+01,  1.000000e+02, -11.532936
0.300000, 5.000000, 1.000000e+02, 2.000000e+01,  1.000000e+02, -11.287735
0.300000, 500.000000, 1.000000e+03, 2.000000e+00,  1.000000e+02, -4.845450
0.300000, 250.000000, 1.000000e+03, 4.000000e+00,  1.000000e+02, -6.214825
0.300000, 150.000000, 1.000000e+03, 6.666667e+00,  1.000000e+02, -6.014218
0.300000, 100.000000, 1.000000e+03, 1.000000e+01,  1.000000e+02, -7.212670
0.300000, 80.000000, 1.000000e+03, 1.250000e+01,  1.000000e+02, -8.237116
0.300000, 60.000000, 1.000000e+03, 1.666667e+01,  1.000000e+02, -8.012391
0.300000, 40.000000, 1.000000e+03, 2.500000e+01,  1.000000e+02, -9.140206
0.300000, 20.000000, 1.000000e+03, 5.000000e+01,  1.000000e+02, -10.067120
0.300000, 10.000000, 1.000000e+03, 1.000000e+02,  1.000000e+02, -10.496020
0.300000, 5.000000, 1.000000e+03, 2.000000e+02,  1.000000e+02, -10.971905
0.300000, 500.000000, 1.000000e+04, 2.000000e+01,  1.000000e+02, -4.865528
0.300000, 250.000000, 1.000000e+04, 4.000000e+01,  1.000000e+02, -6.214825
0.300000, 150.000000, 1.000000e+04, 6.666667e+01,  1.000000e+02, -6.445896
0.300000, 100.000000, 1.000000e+04, 1.000000e+02,  1.000000e+02, -7.346845
0.300000, 80.000000, 1.000000e+04, 1.250000e+02,  1.000000e+02, -7.503400
0.300000, 60.000000, 1.000000e+04, 1.666667e+02,  1.000000e+02, -8.611932
0.300000, 40.000000, 1.000000e+04, 2.500000e+02,  1.000000e+02, -8.602466
0.300000, 20.000000, 1.000000e+04, 5.000000e+02,  1.000000e+02, -9.592930
0.300000, 10.000000, 1.000000e+04, 1.000000e+03,  1.000000e+02, -9.411498
0.300000, 5.000000, 1.000000e+04, 2.000000e+03,  1.000000e+02, -10.965232
0.300000, 500.000000, 1.000000e+05, 2.000000e+02,  1.000000e+02, -4.504331
0.300000, 250.000000, 1.000000e+05, 4.000000e+02,  1.000000e+02, -6.752566
0.300000, 150.000000, 1.000000e+05, 6.666667e+02,  1.000000e+02, -7.267766
0.300000, 100.000000, 1.000000e+05, 1.000000e+03,  1.000000e+02, -8.000301
0.300000, 80.000000, 1.000000e+05, 1.250000e+03,  1.000000e+02, -7.392848
0.300000, 60.000000, 1.000000e+05, 1.666667e+03,  1.000000e+02, -8.461586
0.300000, 40.000000, 1.000000e+05, 2.500000e+03,  1.000000e+02, -8.989860
0.300000, 20.000000, 1.000000e+05, 5.000000e+03,  1.000000e+02, -9.395967
0.300000, 10.000000, 1.000000e+05, 1.000000e+04,  1.000000e+02, -10.645862
0.300000, 5.000000, 1.000000e+05, 2.000000e+04,  1.000000e+02, -11.548952
0.300000, 500.000000, 1.000000e+00, 2.000000e-03,  1.000000e+03, -7.263261
0.300000, 250.000000, 1.000000e+00, 4.000000e-03,  1.000000e+03, -7.217260
0.300000, 150.000000, 1.000000e+00, 6.666667e-03,  1.000000e+03, -7.161343
0.300000, 100.000000, 1.000000e+00, 1.000000e-02,  1.000000e+03, -7.157141
0.300000, 80.000000, 1.000000e+00, 1.250000e-02,  1.000000e+03, -7.136124
0.300000, 60.000000, 1.000000e+00, 1.666667e-02,  1.000000e+03, -7.311408
0.300000, 40.000000, 1.000000e+00, 2.500000e-02,  1.000000e+03, -7.406490
0.300000, 20.000000, 1.000000e+00, 5.000000e-02,  1.000000e+03, -9.099450
0.300000, 10.000000, 1.000000e+00, 1.000000e-01,  1.000000e+03, -11.670445
0.300000, 5.000000, 1.000000e+00, 2.000000e-01,  1.000000e+03, -12.099904
0.300000, 500.000000, 1.000000e+01, 2.000000e-02,  1.000000e+03, -6.290329
0.300000, 250.000000, 1.000000e+01, 4.000000e-02,  1.000000e+03, -6.170204
0.300000, 150.000000, 1.000000e+01, 6.666667e-02,  1.000000e+03, -6.195362
0.300000, 100.000000, 1.000000e+01, 1.000000e-01,  1.000000e+03, -6.645862
0.300000, 80.000000, 1.000000e+01, 1.250000e-01,  1.000000e+03, -6.503400
0.300000, 60.000000, 1.000000e+01, 1.666667e-01,  1.000000e+03, -6.438224
0.300000, 40.000000, 1.000000e+01, 2.500000e-01,  1.000000e+03, -7.331325
0.300000, 20.000000, 1.000000e+01, 5.000000e-01,  1.000000e+03, -9.078560
0.300000, 10.000000, 1.000000e+01, 1.000000e+00,  1.000000e+03, -11.019977
0.300000, 5.000000, 1.000000e+01, 2.000000e+00,  1.000000e+03, -11.707174
0.300000, 500.000000, 1.000000e+02, 2.000000e-01,  1.000000e+03, -5.257917
0.300000, 250.000000, 1.000000e+02, 4.000000e-01,  1.000000e+03, -5.215252
0.300000, 150.000000, 1.000000e+02, 6.666667e-01,  1.000000e+03, -5.967746
0.300000, 100.000000, 1.000000e+02, 1.000000e+00,  1.000000e+03, -6.346845
0.300000, 80.000000, 1.000000e+02, 1.250000e+00,  1.000000e+03, -6.503400
0.300000, 60.000000, 1.000000e+02, 1.666667e+00,  1.000000e+03, -6.548505
0.300000, 40.000000, 1.000000e+02, 2.500000e+00,  1.000000e+03, -7.689840
0.300000, 20.000000, 1.000000e+02, 5.000000e+00,  1.000000e+03, -9.043296
0.300000, 10.000000, 1.000000e+02, 1.000000e+01,  1.000000e+03, -10.760778
0.300000, 5.000000, 1.000000e+02, 2.000000e+01,  1.000000e+03, -11.203390
0.300000, 500.000000, 1.000000e+03, 2.000000e+00,  1.000000e+03, -4.844716
0.300000, 250.000000, 1.000000e+03, 4.000000e+00,  1.000000e+03, -5.251251
0.300000, 150.000000, 1.000000e+03, 6.666667e+00,  1.000000e+03, -5.967746
0.300000, 100.000000, 1.000000e+03, 1.000000e+01,  1.000000e+03, -6.086646
0.300000, 80.000000, 1.000000e+03, 1.250000e+01,  1.000000e+03, -6.699376
0.300000, 60.000000, 1.000000e+03, 1.666667e+01,  1.000000e+03, -6.878216
0.300000, 40.000000, 1.000000e+03, 2.500000e+01,  1.000000e+03, -7.054530
0.300000, 20.000000, 1.000000e+03, 5.000000e+01,  1.000000e+03, -8.505556
0.300000, 10.000000, 1.000000e+03, 1.000000e+02,  1.000000e+03, -9.967822
0.300000, 5.000000, 1.000000e+03, 2.000000e+02,  1.000000e+03, -10.299915
0.300000, 500.000000, 1.000000e+04, 2.000000e+01,  1.000000e+03, -4.311736
0.300000, 250.000000, 1.000000e+04, 4.000000e+01,  1.000000e+03, -5.018850
0.300000, 150.000000, 1.000000e+04, 6.666667e+01,  1.000000e+03, -5.522001
0.300000, 100.000000, 1.000000e+04, 1.000000e+02,  1.000000e+03, -5.894086
0.300000, 80.000000, 1.000000e+04, 1.250000e+02,  1.000000e+03, -6.253229
0.300000, 60.000000, 1.000000e+04, 1.666667e+02,  1.000000e+03, -6.477217
0.300000, 40.000000, 1.000000e+04, 2.500000e+02,  1.000000e+03, -6.986545
0.300000, 20.000000, 1.000000e+04, 5.000000e+02,  1.000000e+03, -8.742772
0.300000, 10.000000, 1.000000e+04, 1.000000e+03,  1.000000e+03, -9.645862
0.300000, 5.000000, 1.000000e+04, 2.000000e+03,  1.000000e+03, -10.008115
0.300000, 500.000000, 1.000000e+05, 2.000000e+02,  1.000000e+03, -4.548952
0.300000, 250.000000, 1.000000e+05, 4.000000e+02,  1.000000e+03, -5.452042
0.300000, 150.000000, 1.000000e+05, 6.666667e+02,  1.000000e+03, -5.770783
0.300000, 100.000000, 1.000000e+05, 1.000000e+03,  1.000000e+03, -5.905193
0.300000, 80.000000, 1.000000e+05, 1.250000e+03,  1.000000e+03, -6.589787
0.300000, 60.000000, 1.000000e+05, 1.666667e+03,  1.000000e+03, -7.311408
0.300000, 40.000000, 1.000000e+05, 2.500000e+03,  1.000000e+03, -7.989860
0.300000, 20.000000, 1.000000e+05, 5.000000e+03,  1.000000e+03, -8.892950
0.300000, 10.000000, 1.000000e+05, 1.000000e+04,  1.000000e+03, -9.198879
0.300000, 5.000000, 1.000000e+05, 2.000000e+04,  1.000000e+03, -10.202147
0.300000, 500.000000, 1.000000e+00, 2.000000e-03,  1.000000e+04, -7.076089
0.300000, 250.000000, 1.000000e+00, 4.000000e-03,  1.000000e+04, -6.980231
0.300000, 150.000000, 1.000000e+00, 6.666667e-03,  1.000000e+04, -6.860776
0.300000, 100.000000, 1.000000e+00, 1.000000e-02,  1.000000e+04, -6.995297
0.300000, 80.000000, 1.000000e+00, 1.250000e-02,  1.000000e+04, -6.988051
0.300000, 60.000000, 1.000000e+00, 1.666667e-02,  1.000000e+04, -6.946349
0.300000, 40.000000, 1.000000e+00, 2.500000e-02,  1.000000e+04, -6.952420
0.300000, 20.000000, 1.000000e+00, 5.000000e-02,  1.000000e+04, -7.052270
0.300000, 10.000000, 1.000000e+00, 1.000000e-01,  1.000000e+04, -8.513734
0.300000, 5.000000, 1.000000e+00, 2.000000e-01,  1.000000e+04, -9.712023
0.300000, 500.000000, 1.000000e+01, 2.000000e-02,  1.000000e+04, -6.078197
0.300000, 250.000000, 1.000000e+01, 4.000000e-02,  1.000000e+04, -6.098533
0.300000, 150.000000, 1.000000e+01, 6.666667e-02,  1.000000e+04, -6.015848
0.300000, 100.000000, 1.000000e+01, 1.000000e-01,  1.000000e+04, -6.028924
0.300000, 80.000000, 1.000000e+01, 1.250000e-01,  1.000000e+04, -5.986264
0.300000, 60.000000, 1.000000e+01, 1.666667e-01,  1.000000e+04, -5.967374
0.300000, 40.000000, 1.000000e+01, 2.500000e-01,  1.000000e+04, -6.689840
0.300000, 20.000000, 1.000000e+01, 5.000000e-01,  1.000000e+04, -7.592930
0.300000, 10.000000, 1.000000e+01, 1.000000e+00,  1.000000e+04, -8.840088
0.300000, 5.000000, 1.000000e+01, 2.000000e+00,  1.000000e+04, -9.434973
0.300000, 500.000000, 1.000000e+02, 2.000000e-01,  1.000000e+04, -5.167474
0.300000, 250.000000, 1.000000e+02, 4.000000e-01,  1.000000e+04, -5.119872
0.300000, 150.000000, 1.000000e+02, 6.666667e-01,  1.000000e+04, -5.132332
0.300000, 100.000000, 1.000000e+02, 1.000000e+00,  1.000000e+04, -5.689725
0.300000, 80.000000, 1.000000e+02, 1.250000e+00,  1.000000e+04, -6.044308
0.300000, 60.000000, 1.000000e+02, 1.666667e+00,  1.000000e+04, -6.255257
0.300000, 40.000000, 1.000000e+02, 2.500000e+00,  1.000000e+04, -6.559256
0.300000, 20.000000, 1.000000e+02, 5.000000e+00,  1.000000e+04, -7.308490
0.300000, 10.000000, 1.000000e+02, 1.000000e+01,  1.000000e+04, -8.557108
0.300000, 5.000000, 1.000000e+02, 2.000000e+01,  1.000000e+04, -9.409835
0.300000, 500.000000, 1.000000e+03, 2.000000e+00,  1.000000e+04, -5.050461
0.300000, 250.000000, 1.000000e+03, 4.000000e+00,  1.000000e+04, -5.399678
0.300000, 150.000000, 1.000000e+03, 6.666667e+00,  1.000000e+04, -5.571056
0.300000, 100.000000, 1.000000e+03, 1.000000e+01,  1.000000e+04, -5.763395
0.300000, 80.000000, 1.000000e+03, 1.250000e+01,  1.000000e+04, -5.941012
0.300000, 60.000000, 1.000000e+03, 1.666667e+01,  1.000000e+04, -6.187230
0.300000, 40.000000, 1.000000e+03, 2.500000e+01,  1.000000e+04, -6.989860
0.300000, 20.000000, 1.000000e+03, 5.000000e+01,  1.000000e+04, -8.043296
0.300000, 10.000000, 1.000000e+03, 1.000000e+02,  1.000000e+04, -8.796039
0.300000, 5.000000, 1.000000e+03, 2.000000e+02,  1.000000e+04, -9.069627
0.300000, 500.000000, 1.000000e+04, 2.000000e+01,  1.000000e+04, -4.800617
0.300000, 250.000000, 1.000000e+04, 4.000000e+01,  1.000000e+04, -5.287632
0.300000, 150.000000, 1.000000e+04, 6.666667e+01,  1.000000e+04, -5.552035
0.300000, 100.000000, 1.000000e+04, 1.000000e+02,  1.000000e+04, -5.692742
0.300000, 80.000000, 1.000000e+04, 1.250000e+02,  1.000000e+04, -5.867354
0.300000, 60.000000, 1.000000e+04, 1.666667e+02,  1.000000e+04, -6.461586
0.300000, 40.000000, 1.000000e+04, 2.500000e+02,  1.000000e+04, -6.839682
0.300000, 20.000000, 1.000000e+04, 5.000000e+02,  1.000000e+04, -7.892950
0.300000, 10.000000, 1.000000e+04, 1.000000e+03,  1.000000e+04, -8.092992
0.300000, 5.000000, 1.000000e+04, 2.000000e+03,  1.000000e+04, -9.699129
0.300000, 500.000000, 1.000000e+05, 2.000000e+02,  1.000000e+04, -4.063333
0.300000, 250.000000, 1.000000e+05, 4.000000e+02,  1.000000e+04, -4.762202
0.300000, 150.000000, 1.000000e+05, 6.666667e+02,  1.000000e+04, -5.567143
0.300000, 100.000000, 1.000000e+05, 1.000000e+03,  1.000000e+04, -5.645203
0.300000, 80.000000, 1.000000e+05, 1.250000e+03,  1.000000e+04, -5.803778
0.300000, 60.000000, 1.000000e+05, 1.666667e+03,  1.000000e+04, -6.611932
0.300000, 40.000000, 1.000000e+05, 2.500000e+03,  1.000000e+04, -6.452032
0.300000, 20.000000, 1.000000e+05, 5.000000e+03,  1.000000e+04, -7.505556
0.300000, 10.000000, 1.000000e+05, 1.000000e+04,  1.000000e+04, -8.946386
0.300000, 5.000000, 1.000000e+05, 2.000000e+04,  1.000000e+04, -8.865589
0.300000, 500.000000, 1.000000e+00, 2.000000e-03,  1.000000e+05, -7.098121
0.300000, 250.000000, 1.000000e+00, 4.000000e-03,  1.000000e+05, -6.960781
0.300000, 150.000000, 1.000000e+00, 6.666667e-03,  1.000000e+05, -6.902808
0.300000, 100.000000, 1.000000e+00, 1.000000e-02,  1.000000e+05, -6.796112
0.300000, 80.000000, 1.000000e+00, 1.250000e-02,  1.000000e+05, -6.758320
0.300000, 60.000000, 1.000000e+00, 1.666667e-02,  1.000000e+05, -6.723425
0.300000, 40.000000, 1.000000e+00, 2.500000e-02,  1.000000e+05, -6.737189
0.300000, 20.000000, 1.000000e+00, 5.000000e-02,  1.000000e+05, -6.486821
0.300000, 10.000000, 1.000000e+00, 1.000000e-01,  1.000000e+05, -7.408646
0.300000, 5.000000, 1.000000e+00, 2.000000e-01,  1.000000e+05, -8.216382
0.300000, 500.000000, 1.000000e+01, 2.000000e-02,  1.000000e+05, -6.124595
0.300000, 250.000000, 1.000000e+01, 4.000000e-02,  1.000000e+05, -5.978288
0.300000, 150.000000, 1.000000e+01, 6.666667e-02,  1.000000e+05, -5.888366
0.300000, 100.000000, 1.000000e+01, 1.000000e-01,  1.000000e+05, -5.867051
0.300000, 80.000000, 1.000000e+01, 1.250000e-01,  1.000000e+05, -5.814128
0.300000, 60.000000, 1.000000e+01, 1.666667e-01,  1.000000e+05, -5.791553
0.300000, 40.000000, 1.000000e+01, 2.500000e-01,  1.000000e+05, -5.759951
0.300000, 20.000000, 1.000000e+01, 5.000000e-01,  1.000000e+05, -7.043296
0.300000, 10.000000, 1.000000e+01, 1.000000e+00,  1.000000e+05, -7.357816
0.300000, 5.000000, 1.000000e+01, 2.000000e+00,  1.000000e+05, -8.548952
0.300000, 500.000000, 1.000000e+02, 2.000000e-01,  1.000000e+05, -5.125321
0.300000, 250.000000, 1.000000e+02, 4.000000e-01,  1.000000e+05, -5.124964
0.300000, 150.000000, 1.000000e+02, 6.666667e-01,  1.000000e+05, -4.998027
0.300000, 100.000000, 1.000000e+02, 1.000000e+00,  1.000000e+05, -5.257150
0.300000, 80.000000, 1.000000e+02, 1.250000e+00,  1.000000e+05, -5.677233
0.300000, 60.000000, 1.000000e+02, 1.666667e+00,  1.000000e+05, -6.001656
0.300000, 40.000000, 1.000000e+02, 2.500000e+00,  1.000000e+05, -6.386307
0.300000, 20.000000, 1.000000e+02, 5.000000e+00,  1.000000e+05, -6.839376
0.300000, 10.000000, 1.000000e+02, 1.000000e+01,  1.000000e+05, -7.493579
0.300000, 5.000000, 1.000000e+02, 2.000000e+01,  1.000000e+05, -8.202147
0.300000, 500.000000, 1.000000e+03, 2.000000e+00,  1.000000e+05, -4.508802
0.300000, 250.000000, 1.000000e+03, 4.000000e+00,  1.000000e+05, -5.285503
0.300000, 150.000000, 1.000000e+03, 6.666667e+00,  1.000000e+05, -5.527521
0.300000, 100.000000, 1.000000e+03, 1.000000e+01,  1.000000e+05, -5.656066
0.300000, 80.000000, 1.000000e+03, 1.250000e+01,  1.000000e+05, -5.785470
0.300000, 60.000000, 1.000000e+03, 1.666667e+01,  1.000000e+05, -5.980472
0.300000, 40.000000, 1.000000e+03, 2.500000e+01,  1.000000e+05, -6.264342
0.300000, 20.000000, 1.000000e+03, 5.000000e+01,  1.000000e+05, -6.730959
0.300000, 10.000000, 1.000000e+03, 1.000000e+02,  1.000000e+05, -7.408646
0.300000, 5.000000, 1.000000e+03, 2.000000e+02,  1.000000e+05, -8.202147
0.300000, 500.000000, 1.000000e+04, 2.000000e+01,  1.000000e+05, -4.629826
0.300000, 250.000000, 1.000000e+04, 4.000000e+01,  1.000000e+05, -5.071524
0.300000, 150.000000, 1.000000e+04, 6.666667e+01,  1.000000e+05, -5.439414
0.300000, 100.000000, 1.000000e+04, 1.000000e+02,  1.000000e+05, -5.603675
0.300000, 80.000000, 1.000000e+04, 1.250000e+02,  1.000000e+05, -5.713099
0.300000, 60.000000, 1.000000e+04, 1.666667e+02,  1.000000e+05, -5.918337
0.300000, 40.000000, 1.000000e+04, 2.500000e+02,  1.000000e+05, -6.152686
0.300000, 20.000000, 1.000000e+04, 5.000000e+02,  1.000000e+05, -6.639482
0.300000, 10.000000, 1.000000e+04, 1.000000e+03,  1.000000e+05, -7.159087
0.300000, 5.000000, 1.000000e+04, 2.000000e+03,  1.000000e+05, -8.399110
0.300000, 500.000000, 1.000000e+05, 2.000000e+02,  1.000000e+05, -4.141086
0.300000, 250.000000, 1.000000e+05, 4.000000e+02,  1.000000e+05, -4.499156
0.300000, 150.000000, 1.000000e+05, 6.666667e+02,  1.000000e+05, -5.330319
0.300000, 100.000000, 1.000000e+05, 1.000000e+03,  1.000000e+05, -5.539193
0.300000, 80.000000, 1.000000e+05, 1.250000e+03,  1.000000e+05, -5.683328
0.300000, 60.000000, 1.000000e+05, 1.666667e+03,  1.000000e+05, -5.917006
0.300000, 40.000000, 1.000000e+05, 2.500000e+03,  1.000000e+05, -6.184295
0.300000, 20.000000, 1.000000e+05, 5.000000e+03,  1.000000e+05, -6.619889
0.300000, 10.000000, 1.000000e+05, 1.000000e+04,  1.000000e+05, -7.156247
0.300000, 5.000000, 1.000000e+05, 2.000000e+04,  1.000000e+05, -8.202147
