0.100000, 500.000000, 1.000000e+00, 2.000000e-03,  1.000000e+00, -7.650937
0.100000, 250.000000, 1.000000e+00, 4.000000e-03,  1.000000e+00, -7.674177
0.100000, 150.000000, 1.000000e+00, 6.666667e-03,  1.000000e+00, -7.580229
0.100000, 100.000000, 1.000000e+00, 1.000000e-02,  1.000000e+00, -7.934240
0.100000, 80.000000, 1.000000e+00, 1.250000e-02,  1.000000e+00, -8.566851
0.100000, 60.000000, 1.000000e+00, 1.666667e-02,  1.000000e+00, -9.746578
0.100000, 40.000000, 1.000000e+00, 2.500000e-02,  1.000000e+00, -10.413517
0.100000, 20.000000, 1.000000e+00, 5.000000e-02,  1.000000e+00, -11.515636
0.100000, 10.000000, 1.000000e+00, 1.000000e-01,  1.000000e+00, -12.803637
0.100000, 5.000000, 1.000000e+00, 2.000000e-01,  1.000000e+00, -12.984122
0.100000, 500.000000, 1.000000e+01, 2.000000e-02,  1.000000e+00, -6.655258
0.100000, 250.000000, 1.000000e+01, 4.000000e-02,  1.000000e+00, -7.791214
0.100000, 150.000000, 1.000000e+01, 6.666667e-02,  1.000000e+00, -8.403250
0.100000, 100.000000, 1.000000e+01, 1.000000e-01,  1.000000e+00, -8.589935
0.100000, 80.000000, 1.000000e+01, 1.250000e-01,  1.000000e+00, -8.797412
0.100000, 60.000000, 1.000000e+01, 1.666667e-01,  1.000000e+00, -9.597071
0.100000, 40.000000, 1.000000e+01, 2.500000e-01,  1.000000e+00, -10.125344
0.100000, 20.000000, 1.000000e+01, 5.000000e-01,  1.000000e+00, -11.233710
0.100000, 10.000000, 1.000000e+01, 1.000000e+00,  1.000000e+00, -12.081032
0.100000, 5.000000, 1.000000e+01, 2.000000e+00,  1.000000e+00, -12.118857
0.100000, 500.000000, 1.000000e+02, 2.000000e-01,  1.000000e+00, -6.409772
0.100000, 250.000000, 1.000000e+02, 4.000000e-01,  1.000000e+00, -7.887212
0.100000, 150.000000, 1.000000e+02, 6.666667e-01,  1.000000e+00, -7.747847
0.100000, 100.000000, 1.000000e+02, 1.000000e+00,  1.000000e+00, -7.954316
0.100000, 80.000000, 1.000000e+02, 1.250000e+00,  1.000000e+00, -9.521771
0.100000, 60.000000, 1.000000e+02, 1.666667e+00,  1.000000e+00, -9.129901
0.100000, 40.000000, 1.000000e+02, 2.500000e+00,  1.000000e+00, -9.243486
0.100000, 20.000000, 1.000000e+02, 5.000000e+00,  1.000000e+00, -10.793857
0.100000, 10.000000, 1.000000e+02, 1.000000e+01,  1.000000e+00, -11.041537
0.100000, 5.000000, 1.000000e+02, 2.000000e+01,  1.000000e+00, -12.177527
0.100000, 500.000000, 1.000000e+03, 2.000000e+00,  1.000000e+00, -6.984122
0.100000, 250.000000, 1.000000e+03, 4.000000e+00,  1.000000e+00, -7.589190
0.100000, 150.000000, 1.000000e+03, 6.666667e+00,  1.000000e+00, -8.403250
0.100000, 100.000000, 1.000000e+03, 1.000000e+01,  1.000000e+00, -9.231041
0.100000, 80.000000, 1.000000e+03, 1.250000e+01,  1.000000e+00, -8.228002
0.100000, 60.000000, 1.000000e+03, 1.666667e+01,  1.000000e+00, -8.589169
0.100000, 40.000000, 1.000000e+03, 2.500000e+01,  1.000000e+00, -9.382236
0.100000, 20.000000, 1.000000e+03, 5.000000e+01,  1.000000e+00, -10.793857
0.100000, 10.000000, 1.000000e+03, 1.000000e+02,  1.000000e+00, -11.506682
0.100000, 5.000000, 1.000000e+03, 2.000000e+02,  1.000000e+00, -12.409772
0.100000, 500.000000, 1.000000e+04, 2.000000e+01,  1.000000e+00, -5.837454
0.100000, 250.000000, 1.000000e+04, 4.000000e+01,  1.000000e+00, -7.589190
0.100000, 150.000000, 1.000000e+04, 6.666667e+01,  1.000000e+00, -8.061661
0.100000, 100.000000, 1.000000e+04, 1.000000e+02,  1.000000e+00, -8.696947
0.100000, 80.000000, 1.000000e+04, 1.250000e+02,  1.000000e+00, -9.521771
0.100000, 60.000000, 1.000000e+04, 1.666667e+02,  1.000000e+00, -9.896588
0.100000, 40.000000, 1.000000e+04, 2.500000e+02,  1.000000e+00, -9.598857
0.100000, 20.000000, 1.000000e+04, 5.000000e+02,  1.000000e+00, -11.028434
0.100000, 10.000000, 1.000000e+04, 1.000000e+03,  1.000000e+00, -11.479871
0.100000, 5.000000, 1.000000e+04, 2.000000e+03,  1.000000e+00, -12.539533
0.100000, 500.000000, 1.000000e+05, 2.000000e+02,  1.000000e+00, -6.686100
0.100000, 250.000000, 1.000000e+05, 4.000000e+02,  1.000000e+00, -7.211217
0.100000, 150.000000, 1.000000e+05, 6.666667e+02,  1.000000e+00, -8.061661
0.100000, 100.000000, 1.000000e+05, 1.000000e+03,  1.000000e+00, -8.931524
0.100000, 80.000000, 1.000000e+05, 1.250000e+03,  1.000000e+00, -8.596359
0.100000, 60.000000, 1.000000e+05, 1.666667e+03,  1.000000e+00, -9.070583
0.100000, 40.000000, 1.000000e+05, 2.500000e+03,  1.000000e+00, -10.424861
0.100000, 20.000000, 1.000000e+05, 5.000000e+03,  1.000000e+00, -10.793857
0.100000, 10.000000, 1.000000e+05, 1.000000e+04,  1.000000e+00, -10.917481
0.100000, 5.000000, 1.000000e+05, 2.000000e+04,  1.000000e+00, -12.834614
0.100000, 500.000000, 1.000000e+00, 2.000000e-03,  1.000000e+01, -7.520399
0.100000, 250.000000, 1.000000e+00, 4.000000e-03,  1.000000e+01, -7.504164
0.100000, 150.000000, 1.000000e+00, 6.666667e-03,  1.000000e+01, -7.552758
0.100000, 100.000000, 1.000000e+00, 1.000000e-02,  1.000000e+01, -7.931524
0.100000, 80.000000, 1.000000e+00, 1.250000e-02,  1.000000e+01, -7.443927
0.100000, 60.000000, 1.000000e+00, 1.666667e-02,  1.000000e+01, -8.597071
0.100000, 40.000000, 1.000000e+00, 2.500000e-02,  1.000000e+01, -8.499235
0.100000, 20.000000, 1.000000e+00, 5.000000e-02,  1.000000e+01, -10.414746
0.100000, 10.000000, 1.000000e+00, 1.000000e-01,  1.000000e+01, -12.197345
0.100000, 5.000000, 1.000000e+00, 2.000000e-01,  1.000000e+01, -12.674889
0.100000, 500.000000, 1.000000e+01, 2.000000e-02,  1.000000e+01, -6.592210
0.100000, 250.000000, 1.000000e+01, 4.000000e-02,  1.000000e+01, -6.503127
0.100000, 150.000000, 1.000000e+01, 6.666667e-02,  1.000000e+01, -7.702768
0.100000, 100.000000, 1.000000e+01, 1.000000e-01,  1.000000e+01, -7.696947
0.100000, 80.000000, 1.000000e+01, 1.250000e-01,  1.000000e+01, -7.212986
0.100000, 60.000000, 1.000000e+01, 1.666667e-01,  1.000000e+01, -8.448556
0.100000, 40.000000, 1.000000e+01, 2.500000e-01,  1.000000e+01, -8.403926
0.100000, 20.000000, 1.000000e+01, 5.000000e-01,  1.000000e+01, -9.853336
0.100000, 10.000000, 1.000000e+01, 1.000000e+00,  1.000000e+01, -11.767461
0.100000, 5.000000, 1.000000e+01, 2.000000e+00,  1.000000e+01, -12.016009
0.100000, 500.000000, 1.000000e+02, 2.000000e-01,  1.000000e+01, -5.522315
0.100000, 250.000000, 1.000000e+02, 4.000000e-01,  1.000000e+01, -6.442623
0.100000, 150.000000, 1.000000e+02, 6.666667e-01,  1.000000e+01, -7.702768
0.100000, 100.000000, 1.000000e+02, 1.000000e+00,  1.000000e+01, -8.231041
0.100000, 80.000000, 1.000000e+02, 1.250000e+00,  1.000000e+01, -7.695767
0.100000, 60.000000, 1.000000e+02, 1.666667e+00,  1.000000e+01, -8.255481
0.100000, 40.000000, 1.000000e+02, 2.500000e+00,  1.000000e+01, -8.783755
0.100000, 20.000000, 1.000000e+02, 5.000000e+00,  1.000000e+01, -9.793857
0.100000, 10.000000, 1.000000e+02, 1.000000e+01,  1.000000e+01, -10.354509
0.100000, 5.000000, 1.000000e+02, 2.000000e+01,  1.000000e+01, -11.409772
0.100000, 500.000000, 1.000000e+03, 2.000000e+00,  1.000000e+01, -5.230754
0.100000, 250.000000, 1.000000e+03, 4.000000e+00,  1.000000e+01, -6.299337
0.100000, 150.000000, 1.000000e+03, 6.666667e+00,  1.000000e+01, -6.609043
0.100000, 100.000000, 1.000000e+03, 1.000000e+01,  1.000000e+01, -7.216984
0.100000, 80.000000, 1.000000e+03, 1.250000e+01,  1.000000e+01, -8.371762
0.100000, 60.000000, 1.000000e+03, 1.666667e+01,  1.000000e+01, -8.172228
0.100000, 40.000000, 1.000000e+03, 2.500000e+01,  1.000000e+01, -8.700502
0.100000, 20.000000, 1.000000e+03, 5.000000e+01,  1.000000e+01, -10.177942
0.100000, 10.000000, 1.000000e+03, 1.000000e+02,  1.000000e+01, -10.636443
0.100000, 5.000000, 1.000000e+03, 2.000000e+02,  1.000000e+01, -11.781335
0.100000, 500.000000, 1.000000e+04, 2.000000e+01,  1.000000e+01, -5.834614
0.100000, 250.000000, 1.000000e+04, 4.000000e+01,  1.000000e+01, -7.037221
0.100000, 150.000000, 1.000000e+04, 6.666667e+01,  1.000000e+01, -7.168673
0.100000, 100.000000, 1.000000e+04, 1.000000e+02,  1.000000e+01, -7.276121
0.100000, 80.000000, 1.000000e+04, 1.250000e+02,  1.000000e+01, -7.370028
0.100000, 60.000000, 1.000000e+04, 1.666667e+02,  1.000000e+01, -8.255481
0.100000, 40.000000, 1.000000e+04, 2.500000e+02,  1.000000e+01, -8.462897
0.100000, 20.000000, 1.000000e+04, 5.000000e+02,  1.000000e+01, -10.327951
0.100000, 10.000000, 1.000000e+04, 1.000000e+03,  1.000000e+01, -10.808744
0.100000, 5.000000, 1.000000e+04, 2.000000e+03,  1.000000e+01, -11.984122
0.100000, 500.000000, 1.000000e+05, 2.000000e+02,  1.000000e+01, -5.539533
0.100000, 250.000000, 1.000000e+05, 4.000000e+02,  1.000000e+01, -6.442623
0.100000, 150.000000, 1.000000e+05, 6.666667e+02,  1.000000e+01, -7.108169
0.100000, 100.000000, 1.000000e+05, 1.000000e+03,  1.000000e+01, -8.231041
0.100000, 80.000000, 1.000000e+05, 1.250000e+03,  1.000000e+01, -7.987677
0.100000, 60.000000, 1.000000e+05, 1.666667e+03,  1.000000e+01, -8.896588
0.100000, 40.000000, 1.000000e+05, 2.500000e+03,  1.000000e+01, -8.133749
0.100000, 20.000000, 1.000000e+05, 5.000000e+03,  1.000000e+01, -9.793857
0.100000, 10.000000, 1.000000e+05, 1.000000e+04,  1.000000e+01, -10.783010
0.100000, 5.000000, 1.000000e+05, 2.000000e+04,  1.000000e+01, -12.134131
0.100000, 500.000000, 1.000000e+00, 2.000000e-03,  1.000000e+02, -7.466279
0.100000, 250.000000, 1.000000e+00, 4.000000e-03,  1.000000e+02, -7.413025
0.100000, 150.000000, 1.000000e+00, 6.666667e-03,  1.000000e+02, -7.381625
0.100000, 100.000000, 1.000000e+00, 1.000000e-02,  1.000000e+02, -7.358131
0.100000, 80.000000, 1.000000e+00, 1.250000e-02,  1.000000e+02, -7.371762
0.100000, 60.000000, 1.000000e+00, 1.666667e-02,  1.000000e+02, -7.328744
0.100000, 40.000000, 1.000000e+00, 2.500000e-02,  1.000000e+02, -7.559956
0.100000, 20.000000, 1.000000e+00, 5.000000e-02,  1.000000e+02, -8.603592
0.100000, 10.000000, 1.000000e+00, 1.000000e-01,  1.000000e+02, -10.692849
0.100000, 5.000000, 1.000000e+00, 2.000000e-01,  1.000000e+02, -11.296856
0.100000, 500.000000, 1.000000e+01, 2.000000e-02,  1.000000e+02, -6.487931
0.100000, 250.000000, 1.000000e+01, 4.000000e-02,  1.000000e+02, -6.408980
0.100000, 150.000000, 1.000000e+01, 6.666667e-02,  1.000000e+02, -6.552758
0.100000, 100.000000, 1.000000e+01, 1.000000e-01,  1.000000e+02, -6.783010
0.100000, 80.000000, 1.000000e+01, 1.250000e-01,  1.000000e+02, -6.298237
0.100000, 60.000000, 1.000000e+01, 1.666667e-01,  1.000000e+02, -6.663834
0.100000, 40.000000, 1.000000e+01, 2.500000e-01,  1.000000e+02, -7.976830
0.100000, 20.000000, 1.000000e+01, 5.000000e-01,  1.000000e+02, -9.327951
0.100000, 10.000000, 1.000000e+01, 1.000000e+00,  1.000000e+02, -10.181822
0.100000, 5.000000, 1.000000e+01, 2.000000e+00,  1.000000e+02, -11.282802
0.100000, 500.000000, 1.000000e+02, 2.000000e-01,  1.000000e+02, -5.472203
0.100000, 250.000000, 1.000000e+02, 4.000000e-01,  1.000000e+02, -5.737704
0.100000, 150.000000, 1.000000e+02, 6.666667e-01,  1.000000e+02, -6.552758
0.100000, 100.000000, 1.000000e+02, 1.000000e+00,  1.000000e+02, -6.405037
0.100000, 80.000000, 1.000000e+02, 1.250000e+00,  1.000000e+02, -7.371762
0.100000, 60.000000, 1.000000e+02, 1.666667e+00,  1.000000e+02, -6.927045
0.100000, 40.000000, 1.000000e+02, 2.500000e+00,  1.000000e+02, -8.125344
0.100000, 20.000000, 1.000000e+02, 5.000000e+00,  1.000000e+02, -8.523055
0.100000, 10.000000, 1.000000e+02, 1.000000e+01,  1.000000e+02, -9.583280
0.100000, 5.000000, 1.000000e+02, 2.000000e+01,  1.000000e+02, -10.756975
0.100000, 500.000000, 1.000000e+03, 2.000000e+00,  1.000000e+02, -4.646973
0.100000, 250.000000, 1.000000e+03, 4.000000e+00,  1.000000e+02, -5.589190
0.100000, 150.000000, 1.000000e+03, 6.666667e+00,  1.000000e+02, -5.415223
0.100000, 100.000000, 1.000000e+03, 1.000000e+01,  1.000000e+02, -6.783010
0.100000, 80.000000, 1.000000e+03, 1.250000e+01,  1.000000e+02, -7.521771
0.100000, 60.000000, 1.000000e+03, 1.666667e+01,  1.000000e+02, -7.301989
0.100000, 40.000000, 1.000000e+03, 2.500000e+01,  1.000000e+02, -8.424861
0.100000, 20.000000, 1.000000e+03, 5.000000e+01,  1.000000e+02, -8.454925
0.100000, 10.000000, 1.000000e+03, 1.000000e+02,  1.000000e+02, -9.024774
0.100000, 5.000000, 1.000000e+03, 2.000000e+02,  1.000000e+02, -10.554579
0.100000, 500.000000, 1.000000e+04, 2.000000e+01,  1.000000e+02, -3.989362
0.100000, 250.000000, 1.000000e+04, 4.000000e+01,  1.000000e+02, -5.163173
0.100000, 150.000000, 1.000000e+04, 6.666667e+01,  1.000000e+02, -6.702768
0.100000, 100.000000, 1.000000e+04, 1.000000e+02,  1.000000e+02, -5.985225
0.100000, 80.000000, 1.000000e+04, 1.250000e+02,  1.000000e+02, -7.371762
0.100000, 60.000000, 1.000000e+04, 1.666667e+02,  1.000000e+02, -7.448556
0.100000, 40.000000, 1.000000e+04, 2.500000e+02,  1.000000e+02, -7.295512
0.100000, 20.000000, 1.000000e+04, 5.000000e+02,  1.000000e+02, -8.733353
0.100000, 10.000000, 1.000000e+04, 1.000000e+03,  1.000000e+02, -9.405037
0.100000, 5.000000, 1.000000e+04, 2.000000e+03,  1.000000e+02, -10.493025
0.100000, 500.000000, 1.000000e+05, 2.000000e+02,  1.000000e+02, -4.308127
0.100000, 250.000000, 1.000000e+05, 4.000000e+02,  1.000000e+02, -5.375959
0.100000, 150.000000, 1.000000e+05, 6.666667e+02,  1.000000e+02, -6.403250
0.100000, 100.000000, 1.000000e+05, 1.000000e+03,  1.000000e+02, -7.081032
0.100000, 80.000000, 1.000000e+05, 1.250000e+03,  1.000000e+02, -6.828098
0.100000, 60.000000, 1.000000e+05, 1.666667e+03,  1.000000e+02, -6.817910
0.100000, 40.000000, 1.000000e+05, 2.500000e+03,  1.000000e+02, -7.890767
0.100000, 20.000000, 1.000000e+05, 5.000000e+03,  1.000000e+02, -9.327951
0.100000, 10.000000, 1.000000e+05, 1.000000e+04,  1.000000e+02, -9.589935
0.100000, 5.000000, 1.000000e+05, 2.000000e+04,  1.000000e+02, -10.409772
0.100000, 500.000000, 1.000000e+00, 2.000000e-03,  1.000000e+03, -7.425485
0.100000, 250.000000, 1.000000e+00, 4.000000e-03,  1.000000e+03, -7.322482
0.100000, 150.000000, 1.000000e+00, 6.666667e-03,  1.000000e+03, -7.276849
0.100000, 100.000000, 1.000000e+00, 1.000000e-02,  1.000000e+03, -7.232881
0.100000, 80.000000, 1.000000e+00, 1.250000e-02,  1.000000e+03, -7.207809
0.100000, 60.000000, 1.000000e+00, 1.666667e-02,  1.000000e+03, -7.167014
0.100000, 40.000000, 1.000000e+00, 2.500000e-02,  1.000000e+03, -7.163004
0.100000, 20.000000, 1.000000e+00, 5.000000e-02,  1.000000e+03, -7.289816
0.100000, 10.000000, 1.000000e+00, 1.000000e-01,  1.000000e+03, -8.636443
0.100000, 5.000000, 1.000000e+00, 2.000000e-01,  1.000000e+03, -10.397843
0.100000, 500.000000, 1.000000e+01, 2.000000e-02,  1.000000e+03, -6.444759
0.100000, 250.000000, 1.000000e+01, 4.000000e-02,  1.000000e+03, -6.323343
0.100000, 150.000000, 1.000000e+01, 6.666667e-02,  1.000000e+03, -6.226289
0.100000, 100.000000, 1.000000e+01, 1.000000e-01,  1.000000e+03, -6.265160
0.100000, 80.000000, 1.000000e+01, 1.250000e-01,  1.000000e+03, -6.189910
0.100000, 60.000000, 1.000000e+01, 1.666667e-01,  1.000000e+03, -6.362494
0.100000, 40.000000, 1.000000e+01, 2.500000e-01,  1.000000e+03, -6.448631
0.100000, 20.000000, 1.000000e+01, 5.000000e-01,  1.000000e+03, -7.473432
0.100000, 10.000000, 1.000000e+01, 1.000000e+00,  1.000000e+03, -8.274453
0.100000, 5.000000, 1.000000e+01, 2.000000e+00,  1.000000e+03, -9.783536
0.100000, 500.000000, 1.000000e+02, 2.000000e-01,  1.000000e+03, -5.410653
0.100000, 250.000000, 1.000000e+02, 4.000000e-01,  1.000000e+03, -5.314885
0.100000, 150.000000, 1.000000e+02, 6.666667e-01,  1.000000e+03, -5.277097
0.100000, 100.000000, 1.000000e+02, 1.000000e+00,  1.000000e+03, -5.723301
0.100000, 80.000000, 1.000000e+02, 1.250000e+00,  1.000000e+03, -5.914372
0.100000, 60.000000, 1.000000e+02, 1.666667e+00,  1.000000e+03, -6.448556
0.100000, 40.000000, 1.000000e+02, 2.500000e+00,  1.000000e+03, -6.577102
0.100000, 20.000000, 1.000000e+02, 5.000000e+00,  1.000000e+03, -7.686845
0.100000, 10.000000, 1.000000e+02, 1.000000e+01,  1.000000e+03, -8.589935
0.100000, 5.000000, 1.000000e+02, 2.000000e+01,  1.000000e+03, -9.772484
0.100000, 500.000000, 1.000000e+03, 2.000000e+00,  1.000000e+03, -4.523014
0.100000, 250.000000, 1.000000e+03, 4.000000e+00,  1.000000e+03, -4.839281
0.100000, 150.000000, 1.000000e+03, 6.666667e+00,  1.000000e+03, -5.171585
0.100000, 100.000000, 1.000000e+03, 1.000000e+01,  1.000000e+03, -6.081032
0.100000, 80.000000, 1.000000e+03, 1.250000e+01,  1.000000e+03, -6.371762
0.100000, 60.000000, 1.000000e+03, 1.666667e+01,  1.000000e+03, -6.597071
0.100000, 40.000000, 1.000000e+03, 2.500000e+01,  1.000000e+03, -6.259107
0.100000, 20.000000, 1.000000e+03, 5.000000e+01,  1.000000e+03, -7.733353
0.100000, 10.000000, 1.000000e+03, 1.000000e+02,  1.000000e+03, -8.589935
0.100000, 5.000000, 1.000000e+03, 2.000000e+02,  1.000000e+03, -9.598907
0.100000, 500.000000, 1.000000e+04, 2.000000e+01,  1.000000e+03, -3.758651
0.100000, 250.000000, 1.000000e+04, 4.000000e+01,  1.000000e+03, -4.887212
0.100000, 150.000000, 1.000000e+04, 6.666667e+01,  1.000000e+03, -5.168673
0.100000, 100.000000, 1.000000e+04, 1.000000e+02,  1.000000e+03, -5.207926
0.100000, 80.000000, 1.000000e+04, 1.250000e+02,  1.000000e+03, -6.521771
0.100000, 60.000000, 1.000000e+04, 1.666667e+02,  1.000000e+03, -6.102639
0.100000, 40.000000, 1.000000e+04, 2.500000e+02,  1.000000e+03, -6.598857
0.100000, 20.000000, 1.000000e+04, 5.000000e+02,  1.000000e+03, -7.023589
0.100000, 10.000000, 1.000000e+04, 1.000000e+03,  1.000000e+03, -9.231041
0.100000, 5.000000, 1.000000e+04, 2.000000e+03,  1.000000e+03, -8.985468
0.100000, 500.000000, 1.000000e+05, 2.000000e+02,  1.000000e+03, -3.134119
0.100000, 250.000000, 1.000000e+05, 4.000000e+02,  1.000000e+03, -4.082301
0.100000, 150.000000, 1.000000e+05, 6.666667e+02,  1.000000e+03, -4.747847
0.100000, 100.000000, 1.000000e+05, 1.000000e+03,  1.000000e+03, -5.506682
0.100000, 80.000000, 1.000000e+05, 1.250000e+03,  1.000000e+03, -5.797412
0.100000, 60.000000, 1.000000e+05, 1.666667e+03,  1.000000e+03, -6.597071
0.100000, 40.000000, 1.000000e+05, 2.500000e+03,  1.000000e+03, -6.116870
0.100000, 20.000000, 1.000000e+05, 5.000000e+03,  1.000000e+03, -7.514136
0.100000, 10.000000, 1.000000e+05, 1.000000e+04,  1.000000e+03, -8.095461
0.100000, 5.000000, 1.000000e+05, 2.000000e+04,  1.000000e+03, -8.926114
0.100000, 500.000000, 1.000000e+00, 2.000000e-03,  1.000000e+04, -7.357033
0.100000, 250.000000, 1.000000e+00, 4.000000e-03,  1.000000e+04, -7.167592
0.100000, 150.000000, 1.000000e+00, 6.666667e-03,  1.000000e+04, -7.083915
0.100000, 100.000000, 1.000000e+00, 1.000000e-02,  1.000000e+04, -7.063118
0.100000, 80.000000, 1.000000e+00, 1.250000e-02,  1.000000e+04, -7.106950
0.100000, 60.000000, 1.000000e+00, 1.666667e-02,  1.000000e+04, -7.079467
0.100000, 40.000000, 1.000000e+00, 2.500000e-02,  1.000000e+04, -6.957137
0.100000, 20.000000, 1.000000e+00, 5.000000e-02,  1.000000e+04, -6.940517
0.100000, 10.000000, 1.000000e+00, 1.000000e-01,  1.000000e+04, -8.231041
0.100000, 5.000000, 1.000000e+00, 2.000000e-01,  1.000000e+04, -9.134131
0.100000, 500.000000, 1.000000e+01, 2.000000e-02,  1.000000e+04, -6.328853
0.100000, 250.000000, 1.000000e+01, 4.000000e-02,  1.000000e+04, -6.257095
0.100000, 150.000000, 1.000000e+01, 6.666667e-02,  1.000000e+04, -6.185128
0.100000, 100.000000, 1.000000e+01, 1.000000e-01,  1.000000e+04, -6.115124
0.100000, 80.000000, 1.000000e+01, 1.250000e-01,  1.000000e+04, -6.104453
0.100000, 60.000000, 1.000000e+01, 1.666667e-01,  1.000000e+04, -6.059598
0.100000, 40.000000, 1.000000e+01, 2.500000e-01,  1.000000e+04, -6.008715
0.100000, 20.000000, 1.000000e+01, 5.000000e-01,  1.000000e+04, -6.879920
0.100000, 10.000000, 1.000000e+01, 1.000000e+00,  1.000000e+04, -7.931524
0.100000, 5.000000, 1.000000e+01, 2.000000e+00,  1.000000e+04, -8.438749
0.100000, 500.000000, 1.000000e+02, 2.000000e-01,  1.000000e+04, -5.383351
0.100000, 250.000000, 1.000000e+02, 4.000000e-01,  1.000000e+04, -5.268220
0.100000, 150.000000, 1.000000e+02, 6.666667e-01,  1.000000e+04, -5.179521
0.100000, 100.000000, 1.000000e+02, 1.000000e+00,  1.000000e+04, -5.191182
0.100000, 80.000000, 1.000000e+02, 1.250000e+00,  1.000000e+04, -5.478368
0.100000, 60.000000, 1.000000e+02, 1.666667e+00,  1.000000e+04, -5.982929
0.100000, 40.000000, 1.000000e+02, 2.500000e+00,  1.000000e+04, -6.274852
0.100000, 20.000000, 1.000000e+02, 5.000000e+00,  1.000000e+04, -7.028434
0.100000, 10.000000, 1.000000e+02, 1.000000e+01,  1.000000e+04, -8.081032
0.100000, 5.000000, 1.000000e+02, 2.000000e+01,  1.000000e+04, -8.409772
0.100000, 500.000000, 1.000000e+03, 2.000000e+00,  1.000000e+04, -4.794521
0.100000, 250.000000, 1.000000e+03, 4.000000e+00,  1.000000e+04, -4.949967
0.100000, 150.000000, 1.000000e+03, 6.666667e+00,  1.000000e+04, -5.252967
0.100000, 100.000000, 1.000000e+03, 1.000000e+01,  1.000000e+04, -5.412548
0.100000, 80.000000, 1.000000e+03, 1.250000e+01,  1.000000e+04, -5.555572
0.100000, 60.000000, 1.000000e+03, 1.666667e+01,  1.000000e+04, -5.772924
0.100000, 40.000000, 1.000000e+03, 2.500000e+01,  1.000000e+04, -6.125344
0.100000, 20.000000, 1.000000e+03, 5.000000e+01,  1.000000e+04, -6.613826
0.100000, 10.000000, 1.000000e+03, 1.000000e+02,  1.000000e+04, -7.405037
0.100000, 5.000000, 1.000000e+03, 2.000000e+02,  1.000000e+04, -8.493025
0.100000, 500.000000, 1.000000e+04, 2.000000e+01,  1.000000e+04, -4.049805
0.100000, 250.000000, 1.000000e+04, 4.000000e+01,  1.000000e+04, -4.541179
0.100000, 150.000000, 1.000000e+04, 6.666667e+01,  1.000000e+04, -4.963557
0.100000, 100.000000, 1.000000e+04, 1.000000e+02,  1.000000e+04, -5.328721
0.100000, 80.000000, 1.000000e+04, 1.250000e+02,  1.000000e+04, -5.462743
0.100000, 60.000000, 1.000000e+04, 1.666667e+02,  1.000000e+04, -5.643244
0.100000, 40.000000, 1.000000e+04, 2.500000e+02,  1.000000e+04, -5.998719
0.100000, 20.000000, 1.000000e+04, 5.000000e+02,  1.000000e+04, -6.528689
0.100000, 10.000000, 1.000000e+04, 1.000000e+03,  1.000000e+04, -7.783010
0.100000, 5.000000, 1.000000e+04, 2.000000e+03,  1.000000e+04, -8.210913
0.100000, 500.000000, 1.000000e+05, 2.000000e+02,  1.000000e+04, -2.830285
0.100000, 250.000000, 1.000000e+05, 4.000000e+02,  1.000000e+04, -4.037221
0.100000, 150.000000, 1.000000e+05, 6.666667e+02,  1.000000e+04, -4.297319
0.100000, 100.000000, 1.000000e+05, 1.000000e+03,  1.000000e+04, -5.081032
0.100000, 80.000000, 1.000000e+05, 1.250000e+03,  1.000000e+04, -5.328786
0.100000, 60.000000, 1.000000e+05, 1.666667e+03,  1.000000e+04, -5.527725
0.100000, 40.000000, 1.000000e+05, 2.500000e+03,  1.000000e+04, -5.900795
0.100000, 20.000000, 1.000000e+05, 5.000000e+03,  1.000000e+04, -6.879920
0.100000, 10.000000, 1.000000e+05, 1.000000e+04,  1.000000e+04, -7.783010
0.100000, 5.000000, 1.000000e+05, 2.000000e+04,  1.000000e+04, -9.134131
0.100000, 500.000000, 1.000000e+00, 2.000000e-03,  1.000000e+05, -7.324804
0.100000, 250.000000, 1.000000e+00, 4.000000e-03,  1.000000e+05, -7.169132
0.100000, 150.000000, 1.000000e+00, 6.666667e-03,  1.000000e+05, -7.101207
0.100000, 100.000000, 1.000000e+00, 1.000000e-02,  1.000000e+05, -7.043563
0.100000, 80.000000, 1.000000e+00, 1.250000e-02,  1.000000e+05, -6.962023
0.100000, 60.000000, 1.000000e+00, 1.666667e-02,  1.000000e+05, -6.900258
0.100000, 40.000000, 1.000000e+00, 2.500000e-02,  1.000000e+05, -6.813453
0.100000, 20.000000, 1.000000e+00, 5.000000e-02,  1.000000e+05, -6.655201
0.100000, 10.000000, 1.000000e+00, 1.000000e-01,  1.000000e+05, -6.712034
0.100000, 5.000000, 1.000000e+00, 2.000000e-01,  1.000000e+05, -7.984122
0.100000, 500.000000, 1.000000e+01, 2.000000e-02,  1.000000e+05, -6.340227
0.100000, 250.000000, 1.000000e+01, 4.000000e-02,  1.000000e+05, -6.227212
0.100000, 150.000000, 1.000000e+01, 6.666667e-02,  1.000000e+05, -6.106470
0.100000, 100.000000, 1.000000e+01, 1.000000e-01,  1.000000e+05, -6.059217
0.100000, 80.000000, 1.000000e+01, 1.250000e-01,  1.000000e+05, -5.997644
0.100000, 60.000000, 1.000000e+01, 1.666667e-01,  1.000000e+05, -5.905212
0.100000, 40.000000, 1.000000e+01, 2.500000e-01,  1.000000e+05, -5.874509
0.100000, 20.000000, 1.000000e+01, 5.000000e-01,  1.000000e+05, -6.177942
0.100000, 10.000000, 1.000000e+01, 1.000000e+00,  1.000000e+05, -7.197056
0.100000, 5.000000, 1.000000e+01, 2.000000e+00,  1.000000e+05, -8.134131
0.100000, 500.000000, 1.000000e+02, 2.000000e-01,  1.000000e+05, -5.359590
0.100000, 250.000000, 1.000000e+02, 4.000000e-01,  1.000000e+05, -5.297882
0.100000, 150.000000, 1.000000e+02, 6.666667e-01,  1.000000e+05, -5.129607
0.100000, 100.000000, 1.000000e+02, 1.000000e+00,  1.000000e+05, -5.074875
0.100000, 80.000000, 1.000000e+02, 1.250000e+00,  1.000000e+05, -5.089102
0.100000, 60.000000, 1.000000e+02, 1.666667e+00,  1.000000e+05, -5.382123
0.100000, 40.000000, 1.000000e+02, 2.500000e+00,  1.000000e+05, -6.380580
0.100000, 20.000000, 1.000000e+02, 5.000000e+00,  1.000000e+05, -6.755446
0.100000, 10.000000, 1.000000e+02, 1.000000e+01,  1.000000e+05, -7.126072
0.100000, 5.000000, 1.000000e+02, 2.000000e+01,  1.000000e+05, -7.855482
0.100000, 500.000000, 1.000000e+03, 2.000000e+00,  1.000000e+05, -4.476503
0.100000, 250.000000, 1.000000e+03, 4.000000e+00,  1.000000e+05, -5.006761
0.100000, 150.000000, 1.000000e+03, 6.666667e+00,  1.000000e+05, -5.230325
0.100000, 100.000000, 1.000000e+03, 1.000000e+01,  1.000000e+05, -5.382364
0.100000, 80.000000, 1.000000e+03, 1.250000e+01,  1.000000e+05, -5.522906
0.100000, 60.000000, 1.000000e+03, 1.666667e+01,  1.000000e+05, -5.764419
0.100000, 40.000000, 1.000000e+03, 2.500000e+01,  1.000000e+05, -6.016735
0.100000, 20.000000, 1.000000e+03, 5.000000e+01,  1.000000e+05, -6.466261
0.100000, 10.000000, 1.000000e+03, 1.000000e+02,  1.000000e+05, -6.894507
0.100000, 5.000000, 1.000000e+03, 2.000000e+02,  1.000000e+05, -7.643051
0.100000, 500.000000, 1.000000e+04, 2.000000e+01,  1.000000e+05, -4.229069
0.100000, 250.000000, 1.000000e+04, 4.000000e+01,  1.000000e+05, -4.326841
0.100000, 150.000000, 1.000000e+04, 6.666667e+01,  1.000000e+05, -4.902223
0.100000, 100.000000, 1.000000e+04, 1.000000e+02,  1.000000e+05, -5.236830
0.100000, 80.000000, 1.000000e+04, 1.250000e+02,  1.000000e+05, -5.376870
0.100000, 60.000000, 1.000000e+04, 1.666667e+02,  1.000000e+05, -5.562064
0.100000, 40.000000, 1.000000e+04, 2.500000e+02,  1.000000e+05, -5.890887
0.100000, 20.000000, 1.000000e+04, 5.000000e+02,  1.000000e+05, -6.386807
0.100000, 10.000000, 1.000000e+04, 1.000000e+03,  1.000000e+05, -7.231041
0.100000, 5.000000, 1.000000e+04, 2.000000e+03,  1.000000e+05, -7.568299
0.100000, 500.000000, 1.000000e+05, 2.000000e+02,  1.000000e+05, -3.063253
0.100000, 250.000000, 1.000000e+05, 4.000000e+02,  1.000000e+05, -3.117949
0.100000, 150.000000, 1.000000e+05, 6.666667e+02,  1.000000e+05, -3.566932
0.100000, 100.000000, 1.000000e+05, 1.000000e+03,  1.000000e+05, -4.777658
0.100000, 80.000000, 1.000000e+05, 1.250000e+03,  1.000000e+05, -5.200751
0.100000, 60.000000, 1.000000e+05, 1.666667e+03,  1.000000e+05, -5.445815
0.100000, 40.000000, 1.000000e+05, 2.500000e+03,  1.000000e+05, -5.768155
0.100000, 20.000000, 1.000000e+05, 5.000000e+03,  1.000000e+05, -6.338833
0.100000, 10.000000, 1.000000e+05, 1.000000e+04,  1.000000e+05, -7.231041
0.100000, 5.000000, 1.000000e+05, 2.000000e+04,  1.000000e+05, -7.539533
